{
 "cells": [
  {
   "cell_type": "code",
   "execution_count": 3,
   "metadata": {},
   "outputs": [],
   "source": [
    "import pandas as pd\n",
    "import scipy as sp\n",
    "import numpy as np\n",
    "import seaborn as sns\n",
    "import matplotlib.pyplot as plt\n",
    "from sklearn.decomposition import PCA\n",
    "%matplotlib inline"
   ]
  },
  {
   "cell_type": "code",
   "execution_count": 4,
   "metadata": {},
   "outputs": [],
   "source": [
    "df_raw = pd.read_csv(\"genetic_dataset.csv\", sep=\",\")"
   ]
  },
  {
   "cell_type": "code",
   "execution_count": 5,
   "metadata": {},
   "outputs": [
    {
     "name": "stdout",
     "output_type": "stream",
     "text": [
      "df_raw 1000\n",
      "df_main 1000\n"
     ]
    },
    {
     "data": {
      "text/html": [
       "<div>\n",
       "<style scoped>\n",
       "    .dataframe tbody tr th:only-of-type {\n",
       "        vertical-align: middle;\n",
       "    }\n",
       "\n",
       "    .dataframe tbody tr th {\n",
       "        vertical-align: top;\n",
       "    }\n",
       "\n",
       "    .dataframe thead th {\n",
       "        text-align: right;\n",
       "    }\n",
       "</style>\n",
       "<table border=\"1\" class=\"dataframe\">\n",
       "  <thead>\n",
       "    <tr style=\"text-align: right;\">\n",
       "      <th></th>\n",
       "      <th>GENOTYPES</th>\n",
       "      <th>NAME</th>\n",
       "      <th>DFSI</th>\n",
       "      <th>DFFL</th>\n",
       "      <th>DFBO</th>\n",
       "      <th>SPAD1</th>\n",
       "      <th>SPAD2</th>\n",
       "      <th>RWC</th>\n",
       "      <th>MSI</th>\n",
       "      <th>LAI</th>\n",
       "      <th>SLW</th>\n",
       "      <th>BW</th>\n",
       "      <th>NBP</th>\n",
       "      <th>PH</th>\n",
       "      <th>SCYP</th>\n",
       "      <th>GOT</th>\n",
       "      <th>FL</th>\n",
       "      <th>UI</th>\n",
       "      <th>MIC</th>\n",
       "      <th>TENACITY</th>\n",
       "    </tr>\n",
       "  </thead>\n",
       "  <tbody>\n",
       "    <tr>\n",
       "      <th>0</th>\n",
       "      <td>1</td>\n",
       "      <td>Gen_1</td>\n",
       "      <td>66</td>\n",
       "      <td>119</td>\n",
       "      <td>114</td>\n",
       "      <td>28.9</td>\n",
       "      <td>22.1</td>\n",
       "      <td>61.670344</td>\n",
       "      <td>51.086552</td>\n",
       "      <td>1.93</td>\n",
       "      <td>14.004350</td>\n",
       "      <td>1.558244</td>\n",
       "      <td>59</td>\n",
       "      <td>133</td>\n",
       "      <td>88.48</td>\n",
       "      <td>89.45</td>\n",
       "      <td>20.63</td>\n",
       "      <td>62</td>\n",
       "      <td>3.02</td>\n",
       "      <td>21.85</td>\n",
       "    </tr>\n",
       "    <tr>\n",
       "      <th>1</th>\n",
       "      <td>2</td>\n",
       "      <td>Gen_2</td>\n",
       "      <td>60</td>\n",
       "      <td>127</td>\n",
       "      <td>117</td>\n",
       "      <td>22.3</td>\n",
       "      <td>25.6</td>\n",
       "      <td>99.115894</td>\n",
       "      <td>40.291082</td>\n",
       "      <td>3.35</td>\n",
       "      <td>6.048587</td>\n",
       "      <td>1.169799</td>\n",
       "      <td>35</td>\n",
       "      <td>134</td>\n",
       "      <td>69.99</td>\n",
       "      <td>80.68</td>\n",
       "      <td>16.25</td>\n",
       "      <td>65</td>\n",
       "      <td>4.20</td>\n",
       "      <td>21.48</td>\n",
       "    </tr>\n",
       "    <tr>\n",
       "      <th>2</th>\n",
       "      <td>3</td>\n",
       "      <td>Gen_3</td>\n",
       "      <td>70</td>\n",
       "      <td>149</td>\n",
       "      <td>166</td>\n",
       "      <td>39.6</td>\n",
       "      <td>29.4</td>\n",
       "      <td>87.344650</td>\n",
       "      <td>87.729921</td>\n",
       "      <td>3.72</td>\n",
       "      <td>14.188368</td>\n",
       "      <td>1.261189</td>\n",
       "      <td>47</td>\n",
       "      <td>129</td>\n",
       "      <td>53.59</td>\n",
       "      <td>89.78</td>\n",
       "      <td>16.78</td>\n",
       "      <td>76</td>\n",
       "      <td>3.72</td>\n",
       "      <td>19.36</td>\n",
       "    </tr>\n",
       "    <tr>\n",
       "      <th>3</th>\n",
       "      <td>4</td>\n",
       "      <td>Gen_4</td>\n",
       "      <td>67</td>\n",
       "      <td>138</td>\n",
       "      <td>132</td>\n",
       "      <td>37.2</td>\n",
       "      <td>26.7</td>\n",
       "      <td>74.604713</td>\n",
       "      <td>71.886811</td>\n",
       "      <td>2.03</td>\n",
       "      <td>11.112441</td>\n",
       "      <td>1.676326</td>\n",
       "      <td>38</td>\n",
       "      <td>120</td>\n",
       "      <td>64.83</td>\n",
       "      <td>50.07</td>\n",
       "      <td>20.40</td>\n",
       "      <td>61</td>\n",
       "      <td>4.51</td>\n",
       "      <td>21.61</td>\n",
       "    </tr>\n",
       "    <tr>\n",
       "      <th>4</th>\n",
       "      <td>5</td>\n",
       "      <td>Gen_5</td>\n",
       "      <td>70</td>\n",
       "      <td>149</td>\n",
       "      <td>110</td>\n",
       "      <td>37.5</td>\n",
       "      <td>25.4</td>\n",
       "      <td>94.416901</td>\n",
       "      <td>85.531587</td>\n",
       "      <td>4.64</td>\n",
       "      <td>11.087380</td>\n",
       "      <td>1.279055</td>\n",
       "      <td>58</td>\n",
       "      <td>124</td>\n",
       "      <td>76.70</td>\n",
       "      <td>79.77</td>\n",
       "      <td>19.27</td>\n",
       "      <td>78</td>\n",
       "      <td>5.13</td>\n",
       "      <td>16.24</td>\n",
       "    </tr>\n",
       "    <tr>\n",
       "      <th>...</th>\n",
       "      <td>...</td>\n",
       "      <td>...</td>\n",
       "      <td>...</td>\n",
       "      <td>...</td>\n",
       "      <td>...</td>\n",
       "      <td>...</td>\n",
       "      <td>...</td>\n",
       "      <td>...</td>\n",
       "      <td>...</td>\n",
       "      <td>...</td>\n",
       "      <td>...</td>\n",
       "      <td>...</td>\n",
       "      <td>...</td>\n",
       "      <td>...</td>\n",
       "      <td>...</td>\n",
       "      <td>...</td>\n",
       "      <td>...</td>\n",
       "      <td>...</td>\n",
       "      <td>...</td>\n",
       "      <td>...</td>\n",
       "    </tr>\n",
       "    <tr>\n",
       "      <th>995</th>\n",
       "      <td>996</td>\n",
       "      <td>Gen_996</td>\n",
       "      <td>61</td>\n",
       "      <td>109</td>\n",
       "      <td>139</td>\n",
       "      <td>40.3</td>\n",
       "      <td>25.9</td>\n",
       "      <td>58.125747</td>\n",
       "      <td>55.557758</td>\n",
       "      <td>3.99</td>\n",
       "      <td>14.136361</td>\n",
       "      <td>1.183610</td>\n",
       "      <td>42</td>\n",
       "      <td>150</td>\n",
       "      <td>93.20</td>\n",
       "      <td>70.45</td>\n",
       "      <td>17.02</td>\n",
       "      <td>62</td>\n",
       "      <td>4.63</td>\n",
       "      <td>21.12</td>\n",
       "    </tr>\n",
       "    <tr>\n",
       "      <th>996</th>\n",
       "      <td>997</td>\n",
       "      <td>Gen_997</td>\n",
       "      <td>61</td>\n",
       "      <td>143</td>\n",
       "      <td>149</td>\n",
       "      <td>44.3</td>\n",
       "      <td>27.0</td>\n",
       "      <td>97.210826</td>\n",
       "      <td>79.273660</td>\n",
       "      <td>3.55</td>\n",
       "      <td>11.082792</td>\n",
       "      <td>1.868478</td>\n",
       "      <td>58</td>\n",
       "      <td>132</td>\n",
       "      <td>67.70</td>\n",
       "      <td>64.97</td>\n",
       "      <td>16.45</td>\n",
       "      <td>68</td>\n",
       "      <td>5.21</td>\n",
       "      <td>17.49</td>\n",
       "    </tr>\n",
       "    <tr>\n",
       "      <th>997</th>\n",
       "      <td>998</td>\n",
       "      <td>Gen_998</td>\n",
       "      <td>68</td>\n",
       "      <td>110</td>\n",
       "      <td>127</td>\n",
       "      <td>31.8</td>\n",
       "      <td>24.0</td>\n",
       "      <td>54.466173</td>\n",
       "      <td>96.543293</td>\n",
       "      <td>4.43</td>\n",
       "      <td>14.758511</td>\n",
       "      <td>1.244847</td>\n",
       "      <td>54</td>\n",
       "      <td>148</td>\n",
       "      <td>68.69</td>\n",
       "      <td>58.04</td>\n",
       "      <td>19.51</td>\n",
       "      <td>64</td>\n",
       "      <td>5.83</td>\n",
       "      <td>20.02</td>\n",
       "    </tr>\n",
       "    <tr>\n",
       "      <th>998</th>\n",
       "      <td>999</td>\n",
       "      <td>Gen_999</td>\n",
       "      <td>70</td>\n",
       "      <td>129</td>\n",
       "      <td>175</td>\n",
       "      <td>33.3</td>\n",
       "      <td>21.3</td>\n",
       "      <td>56.020792</td>\n",
       "      <td>91.765236</td>\n",
       "      <td>3.58</td>\n",
       "      <td>7.687555</td>\n",
       "      <td>1.792092</td>\n",
       "      <td>39</td>\n",
       "      <td>124</td>\n",
       "      <td>58.05</td>\n",
       "      <td>56.39</td>\n",
       "      <td>20.47</td>\n",
       "      <td>69</td>\n",
       "      <td>3.84</td>\n",
       "      <td>17.63</td>\n",
       "    </tr>\n",
       "    <tr>\n",
       "      <th>999</th>\n",
       "      <td>1000</td>\n",
       "      <td>Gen_1000</td>\n",
       "      <td>70</td>\n",
       "      <td>143</td>\n",
       "      <td>145</td>\n",
       "      <td>28.0</td>\n",
       "      <td>23.7</td>\n",
       "      <td>80.603403</td>\n",
       "      <td>48.397642</td>\n",
       "      <td>2.01</td>\n",
       "      <td>7.315139</td>\n",
       "      <td>1.271572</td>\n",
       "      <td>35</td>\n",
       "      <td>120</td>\n",
       "      <td>50.97</td>\n",
       "      <td>60.13</td>\n",
       "      <td>19.46</td>\n",
       "      <td>78</td>\n",
       "      <td>3.41</td>\n",
       "      <td>16.10</td>\n",
       "    </tr>\n",
       "  </tbody>\n",
       "</table>\n",
       "<p>1000 rows × 20 columns</p>\n",
       "</div>"
      ],
      "text/plain": [
       "     GENOTYPES      NAME  DFSI  DFFL  DFBO  SPAD1  SPAD2        RWC  \\\n",
       "0            1     Gen_1    66   119   114   28.9   22.1  61.670344   \n",
       "1            2     Gen_2    60   127   117   22.3   25.6  99.115894   \n",
       "2            3     Gen_3    70   149   166   39.6   29.4  87.344650   \n",
       "3            4     Gen_4    67   138   132   37.2   26.7  74.604713   \n",
       "4            5     Gen_5    70   149   110   37.5   25.4  94.416901   \n",
       "..         ...       ...   ...   ...   ...    ...    ...        ...   \n",
       "995        996   Gen_996    61   109   139   40.3   25.9  58.125747   \n",
       "996        997   Gen_997    61   143   149   44.3   27.0  97.210826   \n",
       "997        998   Gen_998    68   110   127   31.8   24.0  54.466173   \n",
       "998        999   Gen_999    70   129   175   33.3   21.3  56.020792   \n",
       "999       1000  Gen_1000    70   143   145   28.0   23.7  80.603403   \n",
       "\n",
       "           MSI   LAI        SLW        BW  NBP   PH   SCYP    GOT     FL  UI  \\\n",
       "0    51.086552  1.93  14.004350  1.558244   59  133  88.48  89.45  20.63  62   \n",
       "1    40.291082  3.35   6.048587  1.169799   35  134  69.99  80.68  16.25  65   \n",
       "2    87.729921  3.72  14.188368  1.261189   47  129  53.59  89.78  16.78  76   \n",
       "3    71.886811  2.03  11.112441  1.676326   38  120  64.83  50.07  20.40  61   \n",
       "4    85.531587  4.64  11.087380  1.279055   58  124  76.70  79.77  19.27  78   \n",
       "..         ...   ...        ...       ...  ...  ...    ...    ...    ...  ..   \n",
       "995  55.557758  3.99  14.136361  1.183610   42  150  93.20  70.45  17.02  62   \n",
       "996  79.273660  3.55  11.082792  1.868478   58  132  67.70  64.97  16.45  68   \n",
       "997  96.543293  4.43  14.758511  1.244847   54  148  68.69  58.04  19.51  64   \n",
       "998  91.765236  3.58   7.687555  1.792092   39  124  58.05  56.39  20.47  69   \n",
       "999  48.397642  2.01   7.315139  1.271572   35  120  50.97  60.13  19.46  78   \n",
       "\n",
       "      MIC  TENACITY  \n",
       "0    3.02     21.85  \n",
       "1    4.20     21.48  \n",
       "2    3.72     19.36  \n",
       "3    4.51     21.61  \n",
       "4    5.13     16.24  \n",
       "..    ...       ...  \n",
       "995  4.63     21.12  \n",
       "996  5.21     17.49  \n",
       "997  5.83     20.02  \n",
       "998  3.84     17.63  \n",
       "999  3.41     16.10  \n",
       "\n",
       "[1000 rows x 20 columns]"
      ]
     },
     "execution_count": 5,
     "metadata": {},
     "output_type": "execute_result"
    }
   ],
   "source": [
    "df_main = df_raw.copy()\n",
    "print(\"df_raw\", len(df_raw))\n",
    "print(\"df_main\", len(df_main))\n",
    "df_main"
   ]
  },
  {
   "cell_type": "code",
   "execution_count": 6,
   "metadata": {},
   "outputs": [
    {
     "data": {
      "text/html": [
       "<div>\n",
       "<style scoped>\n",
       "    .dataframe tbody tr th:only-of-type {\n",
       "        vertical-align: middle;\n",
       "    }\n",
       "\n",
       "    .dataframe tbody tr th {\n",
       "        vertical-align: top;\n",
       "    }\n",
       "\n",
       "    .dataframe thead th {\n",
       "        text-align: right;\n",
       "    }\n",
       "</style>\n",
       "<table border=\"1\" class=\"dataframe\">\n",
       "  <thead>\n",
       "    <tr style=\"text-align: right;\">\n",
       "      <th></th>\n",
       "      <th>DFSI</th>\n",
       "      <th>DFFL</th>\n",
       "      <th>DFBO</th>\n",
       "      <th>SPAD1</th>\n",
       "      <th>SPAD2</th>\n",
       "      <th>RWC</th>\n",
       "      <th>MSI</th>\n",
       "      <th>LAI</th>\n",
       "      <th>SLW</th>\n",
       "      <th>BW</th>\n",
       "      <th>NBP</th>\n",
       "      <th>PH</th>\n",
       "      <th>SCYP</th>\n",
       "      <th>GOT</th>\n",
       "      <th>FL</th>\n",
       "      <th>UI</th>\n",
       "      <th>MIC</th>\n",
       "      <th>TENACITY</th>\n",
       "    </tr>\n",
       "  </thead>\n",
       "  <tbody>\n",
       "    <tr>\n",
       "      <th>DFSI</th>\n",
       "      <td>1.000000</td>\n",
       "      <td>0.043990</td>\n",
       "      <td>-0.015516</td>\n",
       "      <td>0.020228</td>\n",
       "      <td>0.002840</td>\n",
       "      <td>0.031324</td>\n",
       "      <td>-0.012530</td>\n",
       "      <td>0.023959</td>\n",
       "      <td>-0.012874</td>\n",
       "      <td>0.020925</td>\n",
       "      <td>0.001115</td>\n",
       "      <td>0.036834</td>\n",
       "      <td>-0.021904</td>\n",
       "      <td>0.008788</td>\n",
       "      <td>0.019961</td>\n",
       "      <td>0.009427</td>\n",
       "      <td>0.022492</td>\n",
       "      <td>0.020201</td>\n",
       "    </tr>\n",
       "    <tr>\n",
       "      <th>DFFL</th>\n",
       "      <td>0.043990</td>\n",
       "      <td>1.000000</td>\n",
       "      <td>0.014079</td>\n",
       "      <td>-0.023068</td>\n",
       "      <td>0.005134</td>\n",
       "      <td>-0.016042</td>\n",
       "      <td>0.000218</td>\n",
       "      <td>-0.017194</td>\n",
       "      <td>-0.038456</td>\n",
       "      <td>0.013056</td>\n",
       "      <td>-0.001168</td>\n",
       "      <td>-0.073827</td>\n",
       "      <td>-0.026095</td>\n",
       "      <td>0.003952</td>\n",
       "      <td>0.008807</td>\n",
       "      <td>0.017936</td>\n",
       "      <td>-0.038861</td>\n",
       "      <td>-0.025458</td>\n",
       "    </tr>\n",
       "    <tr>\n",
       "      <th>DFBO</th>\n",
       "      <td>-0.015516</td>\n",
       "      <td>0.014079</td>\n",
       "      <td>1.000000</td>\n",
       "      <td>-0.011579</td>\n",
       "      <td>-0.009390</td>\n",
       "      <td>-0.030824</td>\n",
       "      <td>0.042972</td>\n",
       "      <td>0.009572</td>\n",
       "      <td>-0.054858</td>\n",
       "      <td>-0.000015</td>\n",
       "      <td>0.008355</td>\n",
       "      <td>-0.036260</td>\n",
       "      <td>-0.021351</td>\n",
       "      <td>-0.029037</td>\n",
       "      <td>0.016106</td>\n",
       "      <td>-0.054737</td>\n",
       "      <td>-0.002661</td>\n",
       "      <td>0.024160</td>\n",
       "    </tr>\n",
       "    <tr>\n",
       "      <th>SPAD1</th>\n",
       "      <td>0.020228</td>\n",
       "      <td>-0.023068</td>\n",
       "      <td>-0.011579</td>\n",
       "      <td>1.000000</td>\n",
       "      <td>0.025420</td>\n",
       "      <td>0.005135</td>\n",
       "      <td>-0.006734</td>\n",
       "      <td>0.021802</td>\n",
       "      <td>0.045985</td>\n",
       "      <td>-0.029458</td>\n",
       "      <td>0.021208</td>\n",
       "      <td>-0.005555</td>\n",
       "      <td>0.011937</td>\n",
       "      <td>0.040739</td>\n",
       "      <td>-0.001874</td>\n",
       "      <td>-0.030416</td>\n",
       "      <td>-0.002772</td>\n",
       "      <td>-0.010567</td>\n",
       "    </tr>\n",
       "    <tr>\n",
       "      <th>SPAD2</th>\n",
       "      <td>0.002840</td>\n",
       "      <td>0.005134</td>\n",
       "      <td>-0.009390</td>\n",
       "      <td>0.025420</td>\n",
       "      <td>1.000000</td>\n",
       "      <td>-0.034397</td>\n",
       "      <td>0.040956</td>\n",
       "      <td>-0.021882</td>\n",
       "      <td>-0.014885</td>\n",
       "      <td>-0.060234</td>\n",
       "      <td>0.029252</td>\n",
       "      <td>0.000627</td>\n",
       "      <td>-0.071367</td>\n",
       "      <td>0.035979</td>\n",
       "      <td>-0.022141</td>\n",
       "      <td>0.032966</td>\n",
       "      <td>-0.009425</td>\n",
       "      <td>0.047400</td>\n",
       "    </tr>\n",
       "    <tr>\n",
       "      <th>RWC</th>\n",
       "      <td>0.031324</td>\n",
       "      <td>-0.016042</td>\n",
       "      <td>-0.030824</td>\n",
       "      <td>0.005135</td>\n",
       "      <td>-0.034397</td>\n",
       "      <td>1.000000</td>\n",
       "      <td>-0.013146</td>\n",
       "      <td>-0.012625</td>\n",
       "      <td>-0.026743</td>\n",
       "      <td>0.008950</td>\n",
       "      <td>0.022783</td>\n",
       "      <td>0.024301</td>\n",
       "      <td>0.006555</td>\n",
       "      <td>-0.039143</td>\n",
       "      <td>0.017138</td>\n",
       "      <td>-0.000483</td>\n",
       "      <td>0.026499</td>\n",
       "      <td>0.043912</td>\n",
       "    </tr>\n",
       "    <tr>\n",
       "      <th>MSI</th>\n",
       "      <td>-0.012530</td>\n",
       "      <td>0.000218</td>\n",
       "      <td>0.042972</td>\n",
       "      <td>-0.006734</td>\n",
       "      <td>0.040956</td>\n",
       "      <td>-0.013146</td>\n",
       "      <td>1.000000</td>\n",
       "      <td>-0.019812</td>\n",
       "      <td>0.023158</td>\n",
       "      <td>-0.005206</td>\n",
       "      <td>0.003740</td>\n",
       "      <td>-0.024530</td>\n",
       "      <td>0.020843</td>\n",
       "      <td>-0.021329</td>\n",
       "      <td>0.041500</td>\n",
       "      <td>-0.010340</td>\n",
       "      <td>0.014101</td>\n",
       "      <td>0.024903</td>\n",
       "    </tr>\n",
       "    <tr>\n",
       "      <th>LAI</th>\n",
       "      <td>0.023959</td>\n",
       "      <td>-0.017194</td>\n",
       "      <td>0.009572</td>\n",
       "      <td>0.021802</td>\n",
       "      <td>-0.021882</td>\n",
       "      <td>-0.012625</td>\n",
       "      <td>-0.019812</td>\n",
       "      <td>1.000000</td>\n",
       "      <td>0.008490</td>\n",
       "      <td>-0.014649</td>\n",
       "      <td>-0.006470</td>\n",
       "      <td>0.018676</td>\n",
       "      <td>-0.042573</td>\n",
       "      <td>-0.003873</td>\n",
       "      <td>-0.010248</td>\n",
       "      <td>0.005300</td>\n",
       "      <td>-0.029998</td>\n",
       "      <td>-0.017701</td>\n",
       "    </tr>\n",
       "    <tr>\n",
       "      <th>SLW</th>\n",
       "      <td>-0.012874</td>\n",
       "      <td>-0.038456</td>\n",
       "      <td>-0.054858</td>\n",
       "      <td>0.045985</td>\n",
       "      <td>-0.014885</td>\n",
       "      <td>-0.026743</td>\n",
       "      <td>0.023158</td>\n",
       "      <td>0.008490</td>\n",
       "      <td>1.000000</td>\n",
       "      <td>0.038362</td>\n",
       "      <td>0.007817</td>\n",
       "      <td>-0.004933</td>\n",
       "      <td>0.003927</td>\n",
       "      <td>0.014369</td>\n",
       "      <td>0.052897</td>\n",
       "      <td>-0.031781</td>\n",
       "      <td>-0.050051</td>\n",
       "      <td>0.004958</td>\n",
       "    </tr>\n",
       "    <tr>\n",
       "      <th>BW</th>\n",
       "      <td>0.020925</td>\n",
       "      <td>0.013056</td>\n",
       "      <td>-0.000015</td>\n",
       "      <td>-0.029458</td>\n",
       "      <td>-0.060234</td>\n",
       "      <td>0.008950</td>\n",
       "      <td>-0.005206</td>\n",
       "      <td>-0.014649</td>\n",
       "      <td>0.038362</td>\n",
       "      <td>1.000000</td>\n",
       "      <td>-0.005017</td>\n",
       "      <td>-0.022320</td>\n",
       "      <td>-0.035495</td>\n",
       "      <td>-0.054854</td>\n",
       "      <td>-0.015627</td>\n",
       "      <td>0.003223</td>\n",
       "      <td>0.031380</td>\n",
       "      <td>0.029570</td>\n",
       "    </tr>\n",
       "    <tr>\n",
       "      <th>NBP</th>\n",
       "      <td>0.001115</td>\n",
       "      <td>-0.001168</td>\n",
       "      <td>0.008355</td>\n",
       "      <td>0.021208</td>\n",
       "      <td>0.029252</td>\n",
       "      <td>0.022783</td>\n",
       "      <td>0.003740</td>\n",
       "      <td>-0.006470</td>\n",
       "      <td>0.007817</td>\n",
       "      <td>-0.005017</td>\n",
       "      <td>1.000000</td>\n",
       "      <td>0.009685</td>\n",
       "      <td>-0.014616</td>\n",
       "      <td>-0.067721</td>\n",
       "      <td>0.051293</td>\n",
       "      <td>0.029657</td>\n",
       "      <td>0.034986</td>\n",
       "      <td>-0.010563</td>\n",
       "    </tr>\n",
       "    <tr>\n",
       "      <th>PH</th>\n",
       "      <td>0.036834</td>\n",
       "      <td>-0.073827</td>\n",
       "      <td>-0.036260</td>\n",
       "      <td>-0.005555</td>\n",
       "      <td>0.000627</td>\n",
       "      <td>0.024301</td>\n",
       "      <td>-0.024530</td>\n",
       "      <td>0.018676</td>\n",
       "      <td>-0.004933</td>\n",
       "      <td>-0.022320</td>\n",
       "      <td>0.009685</td>\n",
       "      <td>1.000000</td>\n",
       "      <td>0.056749</td>\n",
       "      <td>0.055533</td>\n",
       "      <td>0.033408</td>\n",
       "      <td>0.012044</td>\n",
       "      <td>0.038668</td>\n",
       "      <td>-0.074716</td>\n",
       "    </tr>\n",
       "    <tr>\n",
       "      <th>SCYP</th>\n",
       "      <td>-0.021904</td>\n",
       "      <td>-0.026095</td>\n",
       "      <td>-0.021351</td>\n",
       "      <td>0.011937</td>\n",
       "      <td>-0.071367</td>\n",
       "      <td>0.006555</td>\n",
       "      <td>0.020843</td>\n",
       "      <td>-0.042573</td>\n",
       "      <td>0.003927</td>\n",
       "      <td>-0.035495</td>\n",
       "      <td>-0.014616</td>\n",
       "      <td>0.056749</td>\n",
       "      <td>1.000000</td>\n",
       "      <td>0.014174</td>\n",
       "      <td>0.072369</td>\n",
       "      <td>-0.051597</td>\n",
       "      <td>0.027798</td>\n",
       "      <td>0.044309</td>\n",
       "    </tr>\n",
       "    <tr>\n",
       "      <th>GOT</th>\n",
       "      <td>0.008788</td>\n",
       "      <td>0.003952</td>\n",
       "      <td>-0.029037</td>\n",
       "      <td>0.040739</td>\n",
       "      <td>0.035979</td>\n",
       "      <td>-0.039143</td>\n",
       "      <td>-0.021329</td>\n",
       "      <td>-0.003873</td>\n",
       "      <td>0.014369</td>\n",
       "      <td>-0.054854</td>\n",
       "      <td>-0.067721</td>\n",
       "      <td>0.055533</td>\n",
       "      <td>0.014174</td>\n",
       "      <td>1.000000</td>\n",
       "      <td>0.034252</td>\n",
       "      <td>0.001408</td>\n",
       "      <td>-0.003770</td>\n",
       "      <td>0.005297</td>\n",
       "    </tr>\n",
       "    <tr>\n",
       "      <th>FL</th>\n",
       "      <td>0.019961</td>\n",
       "      <td>0.008807</td>\n",
       "      <td>0.016106</td>\n",
       "      <td>-0.001874</td>\n",
       "      <td>-0.022141</td>\n",
       "      <td>0.017138</td>\n",
       "      <td>0.041500</td>\n",
       "      <td>-0.010248</td>\n",
       "      <td>0.052897</td>\n",
       "      <td>-0.015627</td>\n",
       "      <td>0.051293</td>\n",
       "      <td>0.033408</td>\n",
       "      <td>0.072369</td>\n",
       "      <td>0.034252</td>\n",
       "      <td>1.000000</td>\n",
       "      <td>0.012725</td>\n",
       "      <td>-0.000081</td>\n",
       "      <td>-0.013392</td>\n",
       "    </tr>\n",
       "    <tr>\n",
       "      <th>UI</th>\n",
       "      <td>0.009427</td>\n",
       "      <td>0.017936</td>\n",
       "      <td>-0.054737</td>\n",
       "      <td>-0.030416</td>\n",
       "      <td>0.032966</td>\n",
       "      <td>-0.000483</td>\n",
       "      <td>-0.010340</td>\n",
       "      <td>0.005300</td>\n",
       "      <td>-0.031781</td>\n",
       "      <td>0.003223</td>\n",
       "      <td>0.029657</td>\n",
       "      <td>0.012044</td>\n",
       "      <td>-0.051597</td>\n",
       "      <td>0.001408</td>\n",
       "      <td>0.012725</td>\n",
       "      <td>1.000000</td>\n",
       "      <td>-0.024715</td>\n",
       "      <td>0.009220</td>\n",
       "    </tr>\n",
       "    <tr>\n",
       "      <th>MIC</th>\n",
       "      <td>0.022492</td>\n",
       "      <td>-0.038861</td>\n",
       "      <td>-0.002661</td>\n",
       "      <td>-0.002772</td>\n",
       "      <td>-0.009425</td>\n",
       "      <td>0.026499</td>\n",
       "      <td>0.014101</td>\n",
       "      <td>-0.029998</td>\n",
       "      <td>-0.050051</td>\n",
       "      <td>0.031380</td>\n",
       "      <td>0.034986</td>\n",
       "      <td>0.038668</td>\n",
       "      <td>0.027798</td>\n",
       "      <td>-0.003770</td>\n",
       "      <td>-0.000081</td>\n",
       "      <td>-0.024715</td>\n",
       "      <td>1.000000</td>\n",
       "      <td>-0.042379</td>\n",
       "    </tr>\n",
       "    <tr>\n",
       "      <th>TENACITY</th>\n",
       "      <td>0.020201</td>\n",
       "      <td>-0.025458</td>\n",
       "      <td>0.024160</td>\n",
       "      <td>-0.010567</td>\n",
       "      <td>0.047400</td>\n",
       "      <td>0.043912</td>\n",
       "      <td>0.024903</td>\n",
       "      <td>-0.017701</td>\n",
       "      <td>0.004958</td>\n",
       "      <td>0.029570</td>\n",
       "      <td>-0.010563</td>\n",
       "      <td>-0.074716</td>\n",
       "      <td>0.044309</td>\n",
       "      <td>0.005297</td>\n",
       "      <td>-0.013392</td>\n",
       "      <td>0.009220</td>\n",
       "      <td>-0.042379</td>\n",
       "      <td>1.000000</td>\n",
       "    </tr>\n",
       "  </tbody>\n",
       "</table>\n",
       "</div>"
      ],
      "text/plain": [
       "              DFSI      DFFL      DFBO     SPAD1     SPAD2       RWC  \\\n",
       "DFSI      1.000000  0.043990 -0.015516  0.020228  0.002840  0.031324   \n",
       "DFFL      0.043990  1.000000  0.014079 -0.023068  0.005134 -0.016042   \n",
       "DFBO     -0.015516  0.014079  1.000000 -0.011579 -0.009390 -0.030824   \n",
       "SPAD1     0.020228 -0.023068 -0.011579  1.000000  0.025420  0.005135   \n",
       "SPAD2     0.002840  0.005134 -0.009390  0.025420  1.000000 -0.034397   \n",
       "RWC       0.031324 -0.016042 -0.030824  0.005135 -0.034397  1.000000   \n",
       "MSI      -0.012530  0.000218  0.042972 -0.006734  0.040956 -0.013146   \n",
       "LAI       0.023959 -0.017194  0.009572  0.021802 -0.021882 -0.012625   \n",
       "SLW      -0.012874 -0.038456 -0.054858  0.045985 -0.014885 -0.026743   \n",
       "BW        0.020925  0.013056 -0.000015 -0.029458 -0.060234  0.008950   \n",
       "NBP       0.001115 -0.001168  0.008355  0.021208  0.029252  0.022783   \n",
       "PH        0.036834 -0.073827 -0.036260 -0.005555  0.000627  0.024301   \n",
       "SCYP     -0.021904 -0.026095 -0.021351  0.011937 -0.071367  0.006555   \n",
       "GOT       0.008788  0.003952 -0.029037  0.040739  0.035979 -0.039143   \n",
       "FL        0.019961  0.008807  0.016106 -0.001874 -0.022141  0.017138   \n",
       "UI        0.009427  0.017936 -0.054737 -0.030416  0.032966 -0.000483   \n",
       "MIC       0.022492 -0.038861 -0.002661 -0.002772 -0.009425  0.026499   \n",
       "TENACITY  0.020201 -0.025458  0.024160 -0.010567  0.047400  0.043912   \n",
       "\n",
       "               MSI       LAI       SLW        BW       NBP        PH  \\\n",
       "DFSI     -0.012530  0.023959 -0.012874  0.020925  0.001115  0.036834   \n",
       "DFFL      0.000218 -0.017194 -0.038456  0.013056 -0.001168 -0.073827   \n",
       "DFBO      0.042972  0.009572 -0.054858 -0.000015  0.008355 -0.036260   \n",
       "SPAD1    -0.006734  0.021802  0.045985 -0.029458  0.021208 -0.005555   \n",
       "SPAD2     0.040956 -0.021882 -0.014885 -0.060234  0.029252  0.000627   \n",
       "RWC      -0.013146 -0.012625 -0.026743  0.008950  0.022783  0.024301   \n",
       "MSI       1.000000 -0.019812  0.023158 -0.005206  0.003740 -0.024530   \n",
       "LAI      -0.019812  1.000000  0.008490 -0.014649 -0.006470  0.018676   \n",
       "SLW       0.023158  0.008490  1.000000  0.038362  0.007817 -0.004933   \n",
       "BW       -0.005206 -0.014649  0.038362  1.000000 -0.005017 -0.022320   \n",
       "NBP       0.003740 -0.006470  0.007817 -0.005017  1.000000  0.009685   \n",
       "PH       -0.024530  0.018676 -0.004933 -0.022320  0.009685  1.000000   \n",
       "SCYP      0.020843 -0.042573  0.003927 -0.035495 -0.014616  0.056749   \n",
       "GOT      -0.021329 -0.003873  0.014369 -0.054854 -0.067721  0.055533   \n",
       "FL        0.041500 -0.010248  0.052897 -0.015627  0.051293  0.033408   \n",
       "UI       -0.010340  0.005300 -0.031781  0.003223  0.029657  0.012044   \n",
       "MIC       0.014101 -0.029998 -0.050051  0.031380  0.034986  0.038668   \n",
       "TENACITY  0.024903 -0.017701  0.004958  0.029570 -0.010563 -0.074716   \n",
       "\n",
       "              SCYP       GOT        FL        UI       MIC  TENACITY  \n",
       "DFSI     -0.021904  0.008788  0.019961  0.009427  0.022492  0.020201  \n",
       "DFFL     -0.026095  0.003952  0.008807  0.017936 -0.038861 -0.025458  \n",
       "DFBO     -0.021351 -0.029037  0.016106 -0.054737 -0.002661  0.024160  \n",
       "SPAD1     0.011937  0.040739 -0.001874 -0.030416 -0.002772 -0.010567  \n",
       "SPAD2    -0.071367  0.035979 -0.022141  0.032966 -0.009425  0.047400  \n",
       "RWC       0.006555 -0.039143  0.017138 -0.000483  0.026499  0.043912  \n",
       "MSI       0.020843 -0.021329  0.041500 -0.010340  0.014101  0.024903  \n",
       "LAI      -0.042573 -0.003873 -0.010248  0.005300 -0.029998 -0.017701  \n",
       "SLW       0.003927  0.014369  0.052897 -0.031781 -0.050051  0.004958  \n",
       "BW       -0.035495 -0.054854 -0.015627  0.003223  0.031380  0.029570  \n",
       "NBP      -0.014616 -0.067721  0.051293  0.029657  0.034986 -0.010563  \n",
       "PH        0.056749  0.055533  0.033408  0.012044  0.038668 -0.074716  \n",
       "SCYP      1.000000  0.014174  0.072369 -0.051597  0.027798  0.044309  \n",
       "GOT       0.014174  1.000000  0.034252  0.001408 -0.003770  0.005297  \n",
       "FL        0.072369  0.034252  1.000000  0.012725 -0.000081 -0.013392  \n",
       "UI       -0.051597  0.001408  0.012725  1.000000 -0.024715  0.009220  \n",
       "MIC       0.027798 -0.003770 -0.000081 -0.024715  1.000000 -0.042379  \n",
       "TENACITY  0.044309  0.005297 -0.013392  0.009220 -0.042379  1.000000  "
      ]
     },
     "execution_count": 6,
     "metadata": {},
     "output_type": "execute_result"
    }
   ],
   "source": [
    "corr = df_main.iloc[:,2:].corr()\n",
    "corr"
   ]
  },
  {
   "cell_type": "code",
   "execution_count": 7,
   "metadata": {},
   "outputs": [
    {
     "data": {
      "text/plain": [
       "<AxesSubplot:>"
      ]
     },
     "execution_count": 7,
     "metadata": {},
     "output_type": "execute_result"
    },
    {
     "data": {
